.Random.seed <-
c(403L, 11L, -283941668L, 1652127967L, 2092078773L, 1866944588L, 
-1938387806L, 642710525L, 1079544055L, 1284001310L, -353337128L, 
-592780229L, 610880985L, 1893464936L, -1397082474L, -1333235695L, 
1550389699L, 1615912402L, -1594878876L, 119849895L, -1487704835L, 
1278331124L, 649502682L, 850047781L, 301474367L, 1786563014L, 
574283344L, 1374950003L, -184146287L, -2941248L, -358799202L, 
1905656937L, -1725321061L, -886754902L, -18183732L, 255517839L, 
-2125235003L, 285469820L, -340434734L, -1370963891L, -179922681L, 
738774254L, -915823160L, -1619555637L, 232715049L, -31960200L, 
-804321114L, -1621191999L, 2106975059L, 587853826L, -1347936972L, 
319706807L, -1297028435L, 1956965316L, 739161066L, -583500715L, 
-1314020881L, 1040361974L, -384454880L, 132702435L, 167433601L, 
-1328876560L, 1286978190L, 2024279545L, -945918069L, -1387418694L, 
-1961585988L, 216091135L, 2041747285L, -1452085140L, -180083518L, 
-477851875L, 1804240279L, -1971768066L, 2078334648L, 515031195L, 
1122135801L, -526901176L, -2111949962L, -560519503L, -1555650845L, 
584717746L, -1361805820L, -1259113145L, 1226158109L, -1056500076L, 
513121850L, 2039771269L, -828443297L, 1060036070L, -285510544L, 
-881727597L, -1852690383L, 1717010144L, 1918711678L, -700666359L, 
890881595L, -399812598L, -1700624404L, 1372695663L, -1074379867L, 
1141793628L, -1527984334L, -229769683L, -1631570713L, 1932867086L, 
-1634800664L, -961997333L, 2135441033L, -91329000L, -502454970L, 
1046729633L, -1554768333L, -1388571742L, -992024940L, -6707945L, 
-2062638323L, -43478492L, 1968200202L, -1191484555L, -1743788337L, 
1499621846L, -218446464L, -1407255101L, 530635617L, 321814992L, 
-959489746L, 2045976793L, -1653654805L, -1842550950L, 1091543324L, 
152561695L, -790891403L, -847875828L, 1306647778L, 715404733L, 
725041719L, 2119946462L, -1405412328L, 2095022971L, 1846194969L, 
-1376546904L, 816713558L, 282392529L, 680338307L, 774014482L, 
-294411868L, 1950258535L, -1698063683L, 2000755252L, -1319100006L, 
103349733L, -2030872193L, 1059778822L, -799503728L, -1177461965L, 
308879569L, -1310985600L, -659627170L, 1752289449L, -1736690853L, 
-985185942L, -313252852L, -1904409521L, 1625175301L, 1990784444L, 
103792786L, 81998733L, 2132067271L, 905017518L, -1100662520L, 
425068299L, -724368919L, 634685112L, 1588818278L, 1275621889L, 
-1278415725L, 1291966274L, -59594508L, -229530377L, -655606547L, 
-1121390716L, -1993383510L, 1516771093L, -1860270673L, 658615734L, 
-329395232L, -1576797405L, -987038655L, 1807060784L, -211673778L, 
731389881L, -750216757L, 799267450L, -1558163588L, -1447026753L, 
776734869L, -1371015508L, 22733954L, 1712768093L, -1946743977L, 
-1223043522L, 1342298744L, -551261861L, 1569589433L, -1591940856L, 
-708994122L, -2134320911L, 1168936739L, 620140914L, 611142596L, 
-1356093561L, -602493603L, 663520084L, -1203201670L, -309750587L, 
628147743L, 1703432614L, -753319120L, 330559955L, 742586353L, 
-732868320L, -844517442L, -541188151L, 1058680699L, -1144351414L, 
-1291198036L, -825983825L, -109451675L, -1586521548L, -1971310648L, 
1408687290L, -305204848L, -1454521876L, -1611557292L, 1722373266L, 
-2117901536L, -302259764L, 482121184L, 1243285186L, -475871192L, 
-930138452L, 1177477308L, 987848178L, -1435701968L, -348437340L, 
-880469320L, -73688742L, -499889776L, 342116220L, -337647340L, 
625581890L, -989499648L, 1325245372L, -202607792L, -1944559838L, 
1704142152L, -1323323892L, -965502884L, -1791569710L, 1063341568L, 
-2106977964L, -2057060888L, -1971553286L, -1756537648L, -1305290452L, 
1734321908L, -1467023982L, -1641455520L, -1950026484L, 81304288L, 
1233272162L, 1678172840L, -944559540L, 872543612L, 1614551346L, 
-1489752976L, -380482748L, -380894760L, -891349894L, -841308624L, 
1799471804L, 277205844L, -1775570878L, -14341728L, -622856516L, 
-942473776L, 1739332962L, 626468840L, 36892620L, -1219157252L, 
-63441422L, 1248119936L, -1679648524L, -935716216L, 827837242L, 
1370613584L, -1170515348L, 465139860L, 2016051538L, 257382112L, 
762103500L, -2074408800L, 91719554L, 552773352L, -990400788L, 
70357052L, -306616718L, -1141427088L, -112899548L, 1593284664L, 
1448939546L, 88090320L, 475593788L, -286585708L, -155383678L, 
-524947520L, -365201092L, 163239568L, -91127774L, -1364707320L, 
1125469324L, 779916316L, 1442065042L, 1360523392L, -571747308L, 
-1440036568L, -1958409670L, -890710832L, -1549642644L, 410091188L, 
-1991997422L, -1511700512L, -1390586932L, 443149792L, 715235874L, 
641006888L, -1654369012L, -184037828L, -801013518L, 336875248L, 
-685437116L, 335076952L, -175080902L, 2098372336L, 86569148L, 
1039278612L, -1600379710L, -1856973728L, -1183949444L, 531169488L, 
1615983650L, -387314008L, -1161911412L, -883262020L, -1978176462L, 
901498688L, 1374278836L, -499980472L, -1874904390L, 1895292688L, 
1522584812L, -252439468L, 364236562L, -611743840L, -1400163380L, 
-1970330784L, 489247938L, 446363176L, 340366764L, -493647044L, 
553301874L, -1737902288L, -1495935452L, -169274312L, -344510246L, 
-1057684080L, -2145555716L, -1766866028L, -971913406L, -207843840L, 
-93620676L, 1291582032L, 830629538L, 347931464L, -1509871092L, 
-2134595364L, -1733760430L, 248492160L, -127055020L, 260576744L, 
622583546L, -1210537136L, 1829575724L, -248125068L, 481408658L, 
-886010272L, -1532475764L, -439195808L, -574371102L, -1693380440L, 
799239372L, -334257668L, -1602400334L, -106944016L, -1953598012L, 
1655806808L, -719835270L, 1093207472L, -198695492L, -1036254124L, 
-1107159102L, -1040918752L, -1797788740L, 955024976L, -157873694L, 
-125516440L, -271835828L, -1077365508L, -1748505870L, -1806089472L, 
-762442124L, 303551496L, 1877911994L, 97924048L, 81454572L, -1776300140L, 
-1408336174L, 221166176L, 1154907468L, 223236384L, 2062700162L, 
205809128L, -432839700L, 498276924L, 1524844146L, -728728720L, 
1040601380L, 86176312L, -895632998L, -860844592L, -670429764L, 
1059329172L, 37574786L, -1269686848L, -1751511236L, -1632124784L, 
511167266L, 1758628360L, -592369396L, 1889159580L, 1865288210L, 
1741909888L, -1967584492L, 1317241128L, -507574214L, 664903672L, 
-186363434L, -2080315293L, -1622901723L, 1067441090L, -1471467344L, 
-1099637543L, -2047788469L, 1890867388L, 1319943914L, -1489481953L, 
-662909015L, 791218494L, 410243116L, -548479363L, -391954233L, 
1210658224L, -1243732018L, 741743867L, -239760547L, -168390518L, 
-103489880L, -2134048239L, -854035709L, -2108979708L, -1619585486L, 
1424541319L, 853396177L, 871283798L, -253823948L, 267876165L, 
706715023L, 1639845128L, -2036338906L, 123998163L, -416685771L, 
1997527186L, 624810080L, 1449569737L, -1529453317L, 616680140L, 
216477530L, -596477361L, 1542373145L, 155031854L, 473885500L, 
-194981715L, -1757809833L, 1053644448L, -1187954690L, 491722443L, 
-300001075L, -688292870L, 193472568L, 1413517793L, -77284717L, 
335032500L, -768581182L, -1697560105L, 1983706657L, -1006801434L, 
-1621433116L, 1123523605L, 1651678271L, 1314747352L, -1840683530L, 
-1557461501L, 1160110405L, 668927330L, 839014096L, -1146899975L, 
1123619115L, -1583629668L, -1550675766L, -303474241L, 1728605449L, 
1911533086L, 1447916492L, 2100584861L, -1704551385L, 1338688080L, 
992153326L, -1561458789L, 1264809469L, -1241536278L, -1583572088L, 
1664734513L, -69513821L, 1258936740L, 2161746L, 1291528103L, 
-1430326287L, -527956170L, 759129044L, -1003091611L, 2010027375L, 
147957672L, -237187834L, 1948783667L, -758336875L, 775324402L, 
12700480L, 1694441641L, -2115410661L, 1785471724L, 1110458106L, 
-1855369425L, 1351987001L, 101085518L, -1736093796L, 1526717709L, 
347293559L, 1156105088L, 813013470L, 1087561387L, 867836333L, 
-1844070886L, 684075224L, 328308033L, -1189044749L, 2136771604L, 
96932258L, -1423866185L, -969813887L, 758638726L, -118719292L, 
995465717L, 1001378911L, -1765046600L, -627243114L, 1024974243L, 
1255539045L, -534222718L, -1059388944L, -2083727463L, -798158453L, 
1112861820L, -585939286L, -82632481L, 1862076009L, -1544645506L, 
-584549268L, -174711619L, -990661241L, 1140003184L, -1321581554L, 
